9.779284769618634243e+00
4.179958911953551848e+00
3.212628089564451450e+00
2.781939232574513365e+00
2.521983696361397964e+00
2.317483164400497841e+00
2.140868130341874398e+00
1.984310588985535251e+00
1.844338086451177583e+00
1.718717435254833337e+00
1.605697625090468428e+00
1.503788222428892762e+00
1.411693541447843314e+00
1.328286516684635821e+00
1.252585864633002366e+00
1.183731285334008287e+00
1.120961515703425615e+00
1.063599520962807965e+00
1.011044783556032334e+00
9.627693681274921422e-01
9.183140418425475016e-01
8.772823295082270434e-01
8.393323255945466244e-01
8.041673595907683492e-01
7.715269910867804670e-01
7.411794933070364744e-01
7.129163281032777633e-01
6.865484872314185916e-01
6.619042068756149089e-01
6.388274911054414584e-01
6.171770013305256652e-01
5.968250494395515027e-01
5.776565842351085722e-01
5.595681544049052603e-01
5.424668735082947002e-01
5.262694221302972597e-01
5.109011162768263281e-01
4.962950599135952934e-01
4.823913885516623590e-01
4.691366018603404520e-01
4.564829767179175435e-01
4.443880476090864007e-01
4.328141385444576050e-01
4.217279295930688732e-01
4.111000417449204303e-01
4.009046262801189697e-01
3.911189491179152822e-01
3.817229664558678404e-01
3.726988946794454471e-01
3.640307839412160740e-01
