1.390185479780855005e+01
3.033448550031815572e+00
2.752286567016787533e+00
2.656001582022865293e+00
2.593305208061170930e+00
2.539740282361730994e+00
2.489078261615607524e+00
2.439408137224943651e+00
2.390089215026078406e+00
2.340904016676573107e+00
2.291789582483166665e+00
2.242744965600917073e+00
2.193797333728853882e+00
2.144988604485113193e+00
2.096369477225718647e+00
2.047996165041164218e+00
1.999928135915147953e+00
1.952226276004763061e+00
1.904951297351568984e+00
1.858162358771124234e+00
1.811915912627081626e+00
1.766264793810403688e+00
1.721257555994122557e+00
1.676938045352084572e+00
1.633345188631723399e+00
1.590512963047900241e+00
1.548470510562641733e+00
1.507242358394743853e+00
1.466848710181750892e+00
1.427305777002585652e+00
1.388626123398267520e+00
1.350819009712002527e+00
1.313890717861643465e+00
1.277844852656450536e+00
1.242682614788496398e+00
1.208403044640071533e+00
1.175003238132246830e+00
1.142478537135841909e+00
1.110822697637114720e+00
1.080028039056951439e+00
1.050085578008018050e+00
1.020985149458546237e+00
9.927155178477755637e-01
9.652644802354030107e-01
9.386189631135046785e-01
9.127651140943585650e-01
8.876883893285623106e-01
8.633736372114764190e-01
8.398051787026916681e-01
8.169668844084373438e-01
2.759832039525801986e-02
