3.080588629340159557e+01 9.802360801694533166e+00 3.969345435795618471e+01
1.757703009684378515e+01 5.504860225057436196e+01 2.619214857112916661e+01
4.971087134919856254e+01 3.226962496338797592e+01 2.805487171672458402e+01
1.131221223009774945e+01 3.175596265946863639e+01 3.856490181567991726e+01
5.066936137759717695e+01 8.024891233265279311e+00 2.482566229931419954e+01
2.726106370420552949e+01 2.616268666827542688e+01 2.086924361390996197e+01
3.200630386491047119e+01 3.066967967725737054e+01 4.068102485242695110e+01
1.974587080546553963e+01 4.858746723118251509e+01 4.442681495070655728e+01
4.858499652508425726e+01 1.711178345748130880e+01 4.151040929706059757e+01
2.436859773360483317e+01 8.512237233644421863e+00 2.315091533825951586e+01
1.217987894754440426e+01 3.834191903160070325e+01 2.208435641192387067e+01
2.684907007809146862e+01 4.058127805570213553e+01 2.797771019587686681e+01
4.149514049874848354e+01 2.089644411687811498e+01 2.109871276014463959e+01
2.131281729293281657e+01 2.020063616618951130e+01 3.340939024854644401e+01
4.043761556118814582e+01 1.278961659791747607e+01 3.132602822230899875e+01
3.699224253993492084e+01 3.343169816272087758e+01 2.490083356950651350e+01
4.605594749300814073e+01 2.978366111734463573e+01 3.975855244713478243e+01
5.261389260955008496e+01 2.018192372820222502e+01 2.759773846291980348e+01
9.457891201955741067e+00 4.272880362460244896e+01 3.320328866614367058e+01
1.974129809841545580e+01 4.683843009152522541e+01 1.843748006686093177e+01
2.169379965817034517e+01 3.843912776648138419e+01 3.948491430372300925e+01
1.902029944517857274e+01 3.035389144155240615e+01 2.884882207527860132e+01
3.518348120019773972e+01 2.021437675982429383e+01 4.251520972672211940e+01
4.790249339280261864e+01 6.955893643399966741e+00 3.767803041761947469e+01
2.205311614759368410e+01 4.905346469326531178e+01 3.391958013610560840e+01
3.028523539353437499e+01 1.506777686726615606e+01 2.910839414695773542e+01
2.499049049675102907e+01 1.919572588488458820e+01 4.245931723876577735e+01
2.227695430676915933e+01 1.805773006652658097e+01 2.312437661810220035e+01
2.275036064879931885e+01 2.904622419947468259e+01 3.816308322229116357e+01
5.345463399226086665e+01 2.579339522052994127e+01 3.519592409786966414e+01
9.570533405919000813e+00 3.172943766829416035e+01 2.826741898646729823e+01
4.051701717836245109e+01 3.460402685128688915e+01 3.387632025445765294e+01
4.876892252100024905e+01 2.590048565405448500e+01 2.234627227483445466e+01
4.855122753659869517e+01 1.568887414256922064e+01 2.151179004203525480e+01
2.959155950986074401e+01 3.714190213869058255e+01 3.533565919313688397e+01
1.380147073439022520e+01 4.845536207884538271e+01 3.782085844475127345e+01
2.246192099125055819e+01 1.159464225789782255e+01 3.973921259959808339e+01
1.259424148754054151e+01 3.989487477435876173e+01 4.048125360297142805e+01
3.227297453806215088e+01 1.756933199868178264e+01 2.135437650030002743e+01
1.127866547719504631e+01 4.582596340993661954e+01 2.566918284175566356e+01
2.032357483210065752e+01 3.778553141459602926e+01 2.322232049114315444e+01
5.088327600542083928e+01 1.472056421831961615e+01 3.343831045106435340e+01
3.588493778627486819e+01 2.650765879405196657e+01 2.081240412801720296e+01
2.158643461753571913e+01 4.756831272301492675e+01 2.599388014443428574e+01
2.892539569988239023e+01 3.327713879304384648e+01 2.358446550522024054e+01
1.803387142557584610e+01 5.501491582347253484e+01 3.666728669738567703e+01
6.479281385929931858e+00 3.571486232970578811e+01 3.401055424873245414e+01
4.046248504964005122e+01 1.567584671526051032e+01 3.945096774383429050e+01
4.083913430523332977e+01 2.482655138559328023e+01 4.205834439417448323e+01
4.390413105838768359e+01 1.130234729522577375e+01 2.514083102627714084e+01
1.378628343366517583e+01 5.101342015370872929e+01 3.107096051120067060e+01
3.087348907260635045e+01 1.089754000218061414e+01 2.297874409189637035e+01
4.194973592550714869e+01 2.920753271122493189e+01 2.240217962397700902e+01
3.306822727316198041e+01 1.465528035729687595e+01 3.547676351769815284e+01
7.122017035523502848e+00 3.858226949446255816e+01 2.655602298644870629e+01
2.597224326039642506e+01 8.652391066856266022e+00 3.482978603349005198e+01
3.862369218977487861e+01 1.536642903877201327e+01 2.453228091807531186e+01
4.765540563297396659e+01 3.348851019785625738e+01 3.445997103992851862e+01
2.579909754623239238e+01 4.381698038477679802e+01 3.504753560507059262e+01
1.489815635331454757e+01 3.251857939152976229e+01 2.427872447078791041e+01
5.345098199393772376e+01 2.658156141628641933e+01 2.785365583690583691e+01
2.463407404852468474e+01 1.221968985026190424e+01 2.863109938021355561e+01
2.008468052614680843e+01 2.427131847000421061e+01 2.748727902439034310e+01
1.674649691379890015e+01 3.460735992768204028e+01 4.000279603432719000e+01
3.821394622936863783e+01 3.041029663373574365e+01 3.989956131147902596e+01
2.670713194886038266e+01 1.478981170777705501e+01 2.020869321672901009e+01
5.186557345090914595e+01 1.233611569826948262e+01 3.935843310503285153e+01
4.324785833408997604e+01 3.434477607343711725e+01 2.840522978947827681e+01
4.876901237222114105e+01 2.317314955951954758e+01 4.082851901662087357e+01
4.574933771260701576e+01 1.125952393826317000e+01 3.395614604869601294e+01
2.674346011271822121e+01 2.495690913196627747e+01 4.212229915430818750e+01
2.179909239550457301e+01 4.441841607345493514e+01 3.982339861586592633e+01
2.618866885471067008e+01 1.515145478925844635e+01 3.360995935103856880e+01
1.568247794181118238e+01 3.077164231307011022e+01 3.460738338663907854e+01
2.355206893574039384e+01 2.942095585363334820e+01 2.414199026009634608e+01
5.239141167418407008e+01 1.431487674689378764e+01 2.684803018557699872e+01
1.659082424310878778e+01 4.497838213687454356e+01 2.303948338065913504e+01
3.332383428520640933e+01 3.700380009874056242e+01 2.778410130115409871e+01
2.853360860508141883e+01 1.471125384821949034e+01 4.248648970081764276e+01
4.489036903756313990e+01 1.218279686673261608e+01 4.025241746917482288e+01
3.492751233001077082e+01 3.461303223821406050e+01 3.780815660223819918e+01
5.238102987244728581e+01 2.058963832504590741e+01 3.704045343097641307e+01
7.862351914387182283e+00 3.722239509146510983e+01 3.933673530013839326e+01
2.521460084020802128e+01 4.628518632869964478e+01 2.985272429785666759e+01
2.320913370369403594e+01 1.758331480667300895e+01 2.845616405808040383e+01
4.331967515162864402e+01 2.003393064123102718e+01 4.177785924815316321e+01
2.793240988404111036e+01 7.690977897301613631e+00 2.709940140729861113e+01
2.277405275979343102e+01 2.391279718547916389e+01 2.287152531625899954e+01
2.784656072129848425e+01 2.087648029413058737e+01 2.031281113137168504e+01
2.743760002534088827e+01 3.283278289652667326e+01 3.906966802367338687e+01
1.649221929745240089e+01 4.342586063783045347e+01 3.982403243712936103e+01
8.576195066915930809e+00 3.448171146707895929e+01 2.355697026861271226e+01
1.826950421718126805e+01 4.996831878941559779e+01 2.263173856676969464e+01
3.471420878594619097e+01 2.642635014533371418e+01 4.226527011796923006e+01
2.373157810753114205e+01 3.505546812888005093e+01 2.614071477572875324e+01
3.529959431198951592e+01 3.659972410275297960e+01 3.296200619796989173e+01
2.109493049003999587e+01 2.344996572659430711e+01 3.752771912496858420e+01
5.054725288049934306e+01 2.985340713037868099e+01 3.704543281582515846e+01
2.316402204496251116e+01 4.204297625764088764e+01 2.430244926667413807e+01
1.874376815080189118e+01 4.978588648191773558e+01 3.820070234893558592e+01
5.008851968987271874e+01 1.062094093056386157e+01 2.941251561010533422e+01
1.902899335585103913e+01 5.148316673587859071e+01 3.069972748032000354e+01
3.634031756088101162e+01 2.039032449257945601e+01 2.061095390441641939e+01
4.326073332274969374e+01 1.575667391275442597e+01 2.277167935238727381e+01
1.910180883700028076e+01 2.738811925128253577e+01 3.336057201234544323e+01
2.084945422302267914e+01 3.389289720438690523e+01 3.734912547016837436e+01
4.475886866559064714e+01 1.417763094973069471e+01 2.939689117964679710e+01
3.123247213557006319e+01 2.904195348711390778e+01 2.135308051210184743e+01
5.139967537324400126e+01 9.279304868714296717e+00 3.514991178213377765e+01
3.471788650197143511e+01 1.330716960773423629e+01 3.015270305460493105e+01
9.260488751500618676e+00 3.174761397937113117e+01 3.397804767638006496e+01
2.204928867291920369e+01 1.616844090950176138e+01 3.837094456000909304e+01
3.393447495454975638e+01 1.528589818954797330e+01 2.545145766213555660e+01
2.638996736663915854e+01 1.021709537829946335e+01 4.207552640423421053e+01
2.501958825376268436e+01 3.596575528984446635e+01 3.653238021771755228e+01
3.211805258314664968e+01 2.376361789195729557e+01 2.021481428392737101e+01
4.367358864202565627e+01 3.304473006311239658e+01 3.697388180871232066e+01
2.245219375169681442e+01 1.276742044129641052e+01 2.282250982367030190e+01
3.865941996567795513e+01 1.336416401141489274e+01 3.580848924467128569e+01
3.259078435168813570e+01 1.627508483009922458e+01 4.079390544498046722e+01
4.663241356041226027e+01 7.520335925942953637e+00 2.708848744914534379e+01
5.031680719065029450e+01 2.156801303111044987e+01 2.285520660913553570e+01
5.259295692262349320e+01 1.965936288153599065e+01 3.251226257920168194e+01
1.163130663620019689e+01 4.444019379572380757e+01 3.850983439381101903e+01
2.950110435672809928e+01 2.013233423576142656e+01 4.273743135793122860e+01
4.416786348157017272e+01 2.465311881419342299e+01 2.119734019780269918e+01
2.953054022898979980e+01 3.762678130481388905e+01 3.079241620779708200e+01
1.066796677040952979e+01 4.619061727855812904e+01 3.054873865360147178e+01
1.292982271365275082e+01 3.036342004726412114e+01 3.097101232601810139e+01
5.168799125765967517e+01 3.095737249961833371e+01 3.284497511631843736e+01
3.853203251477474822e+01 3.514148134017872849e+01 2.870256702092075329e+01
1.438044155390960910e+01 4.893576647981272743e+01 2.512699514477532503e+01
9.294910409605453339e+00 4.218754076514289153e+01 2.790259796120247060e+01
4.704447565416742094e+01 1.131326114098104618e+01 2.203613448134530728e+01
1.626963511692761344e+01 4.062613598003466109e+01 2.252541423792863995e+01
3.006535922292032836e+01 1.021566577355129013e+01 3.541188995018190155e+01
2.795373652964384803e+01 3.639820640950553354e+01 2.643036058484327100e+01
2.540988418514154290e+01 7.367199544902613972e+00 3.891445943292177390e+01
4.318075390942271952e+01 1.400782348701823743e+01 3.654725337620783421e+01
5.231869713017329815e+01 1.611581004396899175e+01 3.735550681529239370e+01
1.555944159035584917e+01 5.126121477296256046e+01 3.498216343917101767e+01
4.133998605238397062e+01 3.249652389961067200e+01 2.507392784738048874e+01
5.180812100379149854e+01 1.733581182210325622e+01 2.370886227196342588e+01
2.783537049091310323e+01 2.896879539346925370e+01 4.127731683029229259e+01
4.900489323518299045e+01 3.008304346569203958e+01 2.449890101876799164e+01
1.098390278139790865e+01 3.504558413063003997e+01 4.106405746640724175e+01
4.561891427404554378e+01 3.247553743767586099e+01 2.558511694258501734e+01
5.173210293977957264e+01 1.190403553947988513e+01 2.356573000374334725e+01
3.080671919038812945e+01 2.514057742639593940e+01 4.269372583501050400e+01
2.730768420564167798e+01 1.064328230113958895e+01 2.096893245061326994e+01
1.996855440961557449e+01 3.345703096729569381e+01 2.582405492102941835e+01
2.726502667158414184e+01 4.253852971926604454e+01 3.149472357453351989e+01
1.946941580112791925e+01 2.325418927113441825e+01 3.131598860911370963e+01
4.858099989213715020e+01 1.087156779272061158e+01 4.112435867638401987e+01
5.397975950250370403e+01 2.364009596258549806e+01 3.186033536202006644e+01
3.279885224355341222e+01 3.411962440767626958e+01 2.415381556379320926e+01
2.294090101477863541e+01 1.326099197739367241e+01 3.577130913398915624e+01
2.171053397242363658e+01 4.723350468726220441e+01 2.189705992851779826e+01
2.584738831386373192e+01 3.984929728883918187e+01 3.689641635483815918e+01
3.751909912955240856e+01 3.016310493669067938e+01 2.268439393928328940e+01
1.842843497838249078e+01 4.516402133147682463e+01 4.290585620400087663e+01
4.431860428805665464e+01 3.467167345774823417e+01 3.272421582436490439e+01
4.920927246395655175e+01 2.701226075651684511e+01 4.010012450426302877e+01
7.363285846831627346e+00 3.905176623433556671e+01 3.589089319667846922e+01
3.864050763549310119e+01 1.319669538454355084e+01 2.786755838065924351e+01
4.425585933689476548e+01 9.543137106779257195e+00 3.712955667885657363e+01
3.879583323493650227e+01 1.823933114504167108e+01 4.186377391825795513e+01
2.461372241758932233e+01 1.531976730806843889e+01 4.252216471032738809e+01
1.626077902665301522e+01 3.567166531289169029e+01 2.249399987703665360e+01
4.220902844459134684e+01 2.968246627847389618e+01 4.010289609693435153e+01
2.293157886271428225e+01 2.186460006066392481e+01 4.068060851731328853e+01
4.749210927520811509e+01 3.405408857355239149e+01 3.072143858153344453e+01
1.155548135854938607e+01 4.179395062711533626e+01 2.345333899884716544e+01
7.530075112293557638e+00 3.382310776663540963e+01 3.705256846830450002e+01
4.789978644689310272e+01 1.562910749846666292e+01 3.144871038346038361e+01
1.245853811249494036e+01 4.941092772244775233e+01 3.418802296220721360e+01
2.114384337764641586e+01 2.050103874792382896e+01 2.950376844837622770e+01
2.459665616654283227e+01 3.856109001163122940e+01 2.536677772932256403e+01
2.423870699151102315e+01 4.471568676114063123e+01 2.660520270229751461e+01
3.839578937299313566e+01 3.385187819110626606e+01 3.683460436848457675e+01
4.554359978452884405e+01 2.651395460505876400e+01 4.136705951698127848e+01
5.159408937484445090e+01 2.511056257347042830e+01 2.455669077029461533e+01
1.910255257948939445e+01 5.213242256377048278e+01 3.458854505316564598e+01
2.099240935802524177e+01 2.816367204367414345e+01 2.644137877809603410e+01
1.521422190872906910e+01 3.091089637284929736e+01 2.755487210322532476e+01
1.918713169969727161e+01 5.177082946885194303e+01 2.594677741569919149e+01
3.581615648380725503e+01 1.689599669152608996e+01 2.195000478810174727e+01
1.550984609742843467e+01 4.693677773133126152e+01 4.065403832304382092e+01
2.991558643939652029e+01 1.166058142437915102e+01 2.788135867312036709e+01
6.786453017300440038e+00 3.457412021086305032e+01 3.056768308186843086e+01
4.464415157109779386e+01 1.671571800655755879e+01 4.121732836184131088e+01
2.943460334055578542e+01 1.398757970573326403e+01 3.469205064145342021e+01
3.033040485604808012e+01 3.487301726186991147e+01 3.835159728939535739e+01
5.079495336152098162e+01 8.781367287419037382e+00 3.922942808073037213e+01
5.144834312083224148e+01 1.759997729535173860e+01 2.978530951257457815e+01
2.178787787308374391e+01 2.053723391873612059e+01 2.564263664139828691e+01
4.037848786355363018e+01 2.628910237276352646e+01 2.111673014005190652e+01
2.237082649583720695e+01 1.388508101934673000e+01 2.618863874333847974e+01
1.525987870481951880e+01 5.139477436386830078e+01 2.747012736205557815e+01
5.461283871562279302e+01 2.729562869904277633e+01 3.107030145529877174e+01
1.477204625899115520e+01 3.206632806850022632e+01 3.857416927059827572e+01
5.138481310261536095e+01 2.400418257904520303e+01 3.873365761274042285e+01
4.675013779040554596e+01 2.044355383032148765e+01 4.145619442235143737e+01
2.171607707745856075e+01 4.971212657600008811e+01 2.948854724342866973e+01
1.252919993590530368e+01 4.940081538594642296e+01 2.807002943072702195e+01
1.247954532710753561e+01 3.407004232954576395e+01 2.240984392242017975e+01
1.885541744777341222e+01 4.096125089044520706e+01 4.009531478958068362e+01
9.852961803924532802e+00 4.083279973348184910e+01 3.866123038906579268e+01
2.065268765145135532e+01 4.865471631379501360e+01 4.080099598528582305e+01
7.825491910748253233e+00 4.013862126155202503e+01 3.169428712479153631e+01
1.931167999284108205e+01 4.292685348397268541e+01 2.323309127702983545e+01
4.668474984854494636e+01 1.058379184412493679e+01 2.936644404683692855e+01
3.750205486256485443e+01 2.447326852022294830e+01 4.234865426219925411e+01
3.184428633186859159e+01 1.372261594872946588e+01 3.846610416187272818e+01
2.374869047062428962e+01 4.213833071266276420e+01 3.831323923299895995e+01
1.820020894000002798e+01 3.203598132908727791e+01 3.643312244134931888e+01
3.165822502486919632e+01 1.452202935497320091e+01 3.224680362011758206e+01
5.231597213447889061e+01 2.958515279769853734e+01 2.879540175875531105e+01
4.635563513612838449e+01 8.123154323583158032e+00 3.489276770186829424e+01
1.145016039076758929e+01 4.681522333639482980e+01 3.613218471120407571e+01
5.107092128753713212e+01 1.880011011068149784e+01 4.008504631826287579e+01
8.474261767466833462e+00 3.777704706702099458e+01 2.317847322773735286e+01
1.974223231490901043e+01 2.426098810034849862e+01 3.462152300376170899e+01
5.231949671503094379e+01 1.105048635541846913e+01 2.667624661134355080e+01
2.724027673802746463e+01 3.066949958120178010e+01 2.256082389887048123e+01
2.474393742831589904e+01 8.349284373182413788e+00 2.707393569664174038e+01
2.234135870387253675e+01 1.843168303433287392e+01 3.606403277000287488e+01
2.361106225266338399e+01 3.220166922178704993e+01 3.717970922279727830e+01
1.576653693031374814e+01 4.807321325029064241e+01 2.182299828573365019e+01
1.810281210890510550e+01 3.748411471358704716e+01 4.047661915837259983e+01
1.938452691410271456e+01 2.701863950281989801e+01 2.900195233239425718e+01
3.042282422226564265e+01 1.377449510781232078e+01 2.162357446374326031e+01
3.401263637464624878e+01 3.144158454461508612e+01 2.288087136507425612e+01
2.609040468103442834e+01 1.792747124332150932e+01 2.023380794982049125e+01
2.061390509544361649e+01 2.898707492814151010e+01 3.567989232624216100e+01
2.735945617160599497e+01 3.963692484916474967e+01 3.278902368716559579e+01
3.894770595327204177e+01 1.865609792637464892e+01 2.113374125261896097e+01
4.198264743652485720e+01 1.502280547884051387e+01 2.558035339796918350e+01
3.163310993641724167e+01 1.295446974416653241e+01 2.525522841949745256e+01
3.573901381735507954e+01 1.626456874247226381e+01 4.059183455406878949e+01
3.324168667582546277e+01 3.682945066132931800e+01 3.534076224222963702e+01
3.054820387722144659e+01 1.266146740570207996e+01 4.118935491833221363e+01
2.525204164046770217e+01 2.256242403964310839e+01 2.089743318930041838e+01
1.787670240430199087e+01 4.924636625922668998e+01 1.920067421253932594e+01
5.346907062153312751e+01 2.308847884705477327e+01 2.883320143288860748e+01
3.229360324904299517e+01 3.741263202070228289e+01 3.220291508322085861e+01
1.567738568253672504e+01 3.961142632697001886e+01 4.072263153926225243e+01
2.603590323505574133e+01 3.341085947161965919e+01 2.488786104161393808e+01
2.139445523376590330e+01 4.595503852645507692e+01 4.330295646094386086e+01
2.791159515672213587e+01 8.149286047397479749e+00 2.269889105978253241e+01
7.802998970634012821e+00 3.350952070824951790e+01 2.645952966841286624e+01
4.516749533023198637e+01 1.786808971322982842e+01 2.159682592875178031e+01
2.552535441466539012e+01 3.046145572931062873e+01 3.949525588468455339e+01
3.662386735811342930e+01 2.344523493762018163e+01 2.051770128203748556e+01
4.877618296671533926e+01 9.603036493076238855e+00 3.359355958572307088e+01
4.579515064875113239e+01 1.423711929787811492e+01 3.323904118398662177e+01
2.256654777890473795e+01 1.014447063849355679e+01 2.499968175146290150e+01
4.451234203064187511e+01 3.050131362004400160e+01 2.344093249736926410e+01
2.283345654492632804e+01 9.706937801383874742e+00 3.738595381349726665e+01
2.461899241114885228e+01 1.259589406973935333e+01 2.071447606358486127e+01
3.065934402211803800e+01 9.273537611260440627e+00 2.619077299432423089e+01
3.085819192654521359e+01 3.622386716473802437e+01 2.565201219789578602e+01
4.815298563933372833e+01 1.867059178937707742e+01 2.151774019979540853e+01
5.319167465629369929e+01 2.842931915961396783e+01 3.378011418444856417e+01
4.752771686030067144e+01 2.169738666382320247e+01 2.175381084035253920e+01
2.294521002837138113e+01 4.534865139350695529e+01 3.723547247563153206e+01
2.551233734129582587e+01 1.644833872895579674e+01 2.996708926538245166e+01
5.187386439972473795e+01 2.722553067502840918e+01 3.749063781461968858e+01
2.196905006199184029e+01 1.998065891209794387e+01 3.859350755039915981e+01
1.584298344014572990e+01 3.061782398553826567e+01 3.148870855126442336e+01
3.451920968304506232e+01 3.219702801373171042e+01 3.946033949235987848e+01
2.563874136241625834e+01 4.574233858686647380e+01 3.281988048442050143e+01
5.130039238006416014e+01 2.798192044574614812e+01 2.513431220986387515e+01
2.811744926149739499e+01 7.054729329154719508e+00 3.782830047293226983e+01
2.399603650056531379e+01 1.705237054517839823e+01 3.407541074882550447e+01
2.245261025946373579e+01 4.486983385369692456e+01 2.423493097749865655e+01
8.531051835407033934e+00 3.229117475885148281e+01 3.102482576794200497e+01
3.490016043237288557e+01 2.321713671126994427e+01 4.268570572787044171e+01
3.554115660792272280e+01 3.561082358331707098e+01 2.652230115459925486e+01
1.268467630970429028e+01 3.109895610617240536e+01 2.614078198407450770e+01
2.533157517247589752e+01 1.242335004955155675e+01 3.409391143696244342e+01
2.802264548060655258e+01 8.232729679489221297e+00 4.075905285011238988e+01
4.944387464059247606e+01 9.782796490511669774e+00 2.249415368969492235e+01
5.098468411466961925e+01 1.335411205809057122e+01 2.936121247126337863e+01
1.741846093158544662e+01 3.220628874580867063e+01 2.610921100873910561e+01
2.074766467713469709e+01 2.617301302431340559e+01 3.674680340529643274e+01
5.206905377574297233e+01 2.213073066862469673e+01 2.502022373792397758e+01
1.679576823080902770e+01 4.746540899640152844e+01 4.322318329425328898e+01
3.243401737231532422e+01 2.659730996144579507e+01 2.055426928087925376e+01
2.318442135730277087e+01 3.227707116718686819e+01 2.602228545316921071e+01
1.380237319525429918e+01 4.351756822773270272e+01 2.335962947990955030e+01
1.697272248940724992e+01 5.013988136900299253e+01 2.526709383243543172e+01
1.383951673362296297e+01 4.247922794814463998e+01 3.987950250321264178e+01
2.100951112293143552e+01 4.455214197205017257e+01 2.141061462556916695e+01
5.124352737715732786e+01 1.199082163269987333e+01 3.400236032404024655e+01
5.337736781528575847e+01 2.305997730029976722e+01 3.454746145012411773e+01
9.256855370506938741e+00 4.110886980561859616e+01 2.531329489073608130e+01
4.044194643904472741e+01 3.159429198007935824e+01 3.868030816812360939e+01
3.129661480993361522e+01 2.227979107630558531e+01 4.279314309182000642e+01
4.479668996906508482e+01 1.341740714175168314e+01 2.271901846596070484e+01
1.456718391446904626e+01 3.600768523355921502e+01 4.105802375915350666e+01
4.098020975395834853e+01 1.333141952422708876e+01 3.425703916013080175e+01
4.066997694911267303e+01 1.669952973290075349e+01 2.243300712157800447e+01
2.788798887022542417e+01 1.369842198949034540e+01 2.889274043592859087e+01
3.456004836083879184e+01 2.905809556268003746e+01 2.158717964550353230e+01
4.685175351128319221e+01 1.379732526385832614e+01 4.134207951545005955e+01
3.593945691871544312e+01 1.348647814817008062e+01 3.536912652911178867e+01
4.847130047955737098e+01 3.166188286775667393e+01 3.692679935331801744e+01
3.497277840563661755e+01 2.898301327788011506e+01 4.129519432271497692e+01
1.615039589118799412e+01 5.214271631178728228e+01 3.751105135482221442e+01
2.688633613959968116e+01 3.795298859078905451e+01 2.875018858759854723e+01
5.037155329593399244e+01 8.294280185530981342e+00 2.799629953410641292e+01
2.999675727540730108e+01 1.875427136288298513e+01 2.043720838760549086e+01
2.228391809688951142e+01 2.636215607411859452e+01 3.898620468697658481e+01
3.394816552790005204e+01 1.543214054254563905e+01 3.849773483359226844e+01
4.998468658747030702e+01 1.302961721198512457e+01 2.182761473273515662e+01
1.020869709132649916e+01 3.861678333855864764e+01 4.041728402451293789e+01
4.664059851346107877e+01 9.228734111893762915e+00 4.021143620518488859e+01
2.937234402624674345e+01 1.609536385945673587e+01 2.074278505574497089e+01
2.264838768603620167e+01 1.864589877691140885e+01 3.166163032919644493e+01
3.923791281286462862e+01 3.384163788461076194e+01 2.632891450842145176e+01
4.771925887618574080e+01 2.845612267693443442e+01 2.278930796531355085e+01
3.954397980195207651e+01 2.080583563008088888e+01 4.213726005697742494e+01
2.315673896913214946e+01 1.497581976773900259e+01 2.146683236077287305e+01
2.647333686123052487e+01 4.367977266608598796e+01 2.921114090972503163e+01
4.157340755945928379e+01 1.803013185993725997e+01 4.155044135485600520e+01
3.726227847143244531e+01 3.588509590254047055e+01 3.130523775086411220e+01
3.283585614966430200e+01 1.896250137042408213e+01 4.235943817900061248e+01
1.819811291186370283e+01 4.965530652145276491e+01 4.107012262165762451e+01
2.693776960922517105e+01 4.142575428220715139e+01 3.476925241601183103e+01
9.748572942732558033e+00 4.358201510455665328e+01 3.069823587007111954e+01
4.687118198750925302e+01 3.354312296180726349e+01 2.767459359173066602e+01
2.161508845736726769e+01 4.717620159956324244e+01 3.881755295074017198e+01
4.517762227459862601e+01 9.316098540370688852e+00 2.393534484019687625e+01
1.863610010099489500e+01 5.279546192722303033e+01 2.843681730714247990e+01
3.017683716534466853e+01 2.796080432839513108e+01 4.195926607335441361e+01
2.009709773521845122e+01 4.947796865281354428e+01 2.496212914549912298e+01
2.503533814355843390e+01 2.821374155371802317e+01 2.233555272495187793e+01
2.841612483429561919e+01 1.732366499869571896e+01 4.269892155240719234e+01
2.377811770759775456e+01 4.695593224991227288e+01 3.420554826220862310e+01
3.613828519937674599e+01 1.415924651697502412e+01 2.630139803393047870e+01
1.828418191958751038e+01 2.970984427652685156e+01 3.174282906751957256e+01
2.763034006985361302e+01 1.090002005046388689e+01 2.886014010957196518e+01
2.969733732976791174e+01 2.281773385290527045e+01 2.027067274053075252e+01
5.012733628698665456e+01 3.260828649811769964e+01 3.159017961466442159e+01
4.809891824333351451e+01 1.267982559728581116e+01 2.993011132424257426e+01
1.978398856101487979e+01 4.039720269123826313e+01 2.297251989136516315e+01
3.794897747234658425e+01 1.248284518946748989e+01 3.194768762617897551e+01
2.007698050147799052e+01 4.954147845612705936e+01 2.084146329430103961e+01
1.620534772723841144e+01 4.905364345057581232e+01 3.851632765344140807e+01
3.761043488014608016e+01 1.539749181714581816e+01 3.905811323270457791e+01
3.706562064692844416e+01 3.537740544106279827e+01 3.525687306168681090e+01
2.387505847349904542e+01 3.931677129540383220e+01 3.847747308770097874e+01
2.624482458164271392e+01 2.245755277987136722e+01 4.233661934393362714e+01
5.231453213032860106e+01 1.411051720158310019e+01 3.576997521444123151e+01
3.394154961194063702e+01 1.361594800332022537e+01 3.293107716390049688e+01
3.323475683043943008e+01 1.978294736220683703e+01 2.053800886523764646e+01
6.357712186057607795e+00 3.685848979781076906e+01 2.954041999292867260e+01
2.827432103062458069e+01 1.516419848062595399e+01 3.092400291815001268e+01
5.186333555505797221e+01 1.480665018942164224e+01 2.358810958815453773e+01
7.480442667981716198e+00 3.962663611326103563e+01 2.923808031921146977e+01
4.600543078829169730e+01 3.218317471417361730e+01 3.744877263095465736e+01
4.376113504361212136e+01 1.194303232662144332e+01 3.788276101890441083e+01
2.782306085522261796e+01 1.226649134359037063e+01 4.243347106081037623e+01
4.421584549194467684e+01 2.815965496528169965e+01 2.204218276343739547e+01
2.267453611242918399e+01 1.377099347476086777e+01 4.098959054068013330e+01
1.939644861101499984e+01 3.564387381002033095e+01 3.939715150384773068e+01
4.221329650253369437e+01 2.224679543363361489e+01 4.196490705913386421e+01
4.472635308816380473e+01 9.099519742690976187e+00 2.715416988614509108e+01
2.075313814621083353e+01 3.103880651918376543e+01 2.722293991686555970e+01
1.137310954754681447e+01 3.072543645530199541e+01 3.322672857645773803e+01
3.786644055802835851e+01 2.834497985466409986e+01 4.119470134687173157e+01
5.091938221449666457e+01 1.755543365446496651e+01 3.217859792878931557e+01
2.242981802797445923e+01 3.888589863686709691e+01 2.382233622058001643e+01
4.269473722218111078e+01 1.364039569044301103e+01 3.089276450242062921e+01
2.138610312982649120e+01 2.078173092525140930e+01 3.578089210166076128e+01
3.360391573803622833e+01 1.629336451419409215e+01 2.295087756769928333e+01
2.962396675809117497e+01 2.665091169264749027e+01 2.052533404314857535e+01
5.037926207942667389e+01 3.165723576507106429e+01 3.477678612375804335e+01
1.858575027356720000e+01 3.607350992325078209e+01 2.309511453910858947e+01
2.351964015681139841e+01 1.736025624865875727e+01 2.114590828541492229e+01
3.700425426874953416e+01 2.182551751536901818e+01 4.243384231051627609e+01
2.743489025870848508e+01 3.646661423764892618e+01 3.622934140488126076e+01
2.971948459212362792e+01 3.729521616058243438e+01 2.783835761139307152e+01
1.274693302289907670e+01 3.060572782678902470e+01 2.851699902613647808e+01
3.258709942864356890e+01 2.769438237837328032e+01 4.195515395014419369e+01
4.911452173005115895e+01 2.031101370398005201e+01 4.093743783669425795e+01
1.963798828304712529e+01 4.356251672341852554e+01 4.050507569875851743e+01
6.786508082079330428e+00 3.628137286142757034e+01 2.587828791610078483e+01
5.015575035106422064e+01 1.271488863176220718e+01 4.103132997929948544e+01
2.159224314069479078e+01 3.111607443603264045e+01 3.629276711490274465e+01
2.851766897572654003e+01 2.323658266318965815e+01 4.261473531069089660e+01
2.238499152057125485e+01 1.684874501308316397e+01 2.631430769602301112e+01
3.134951791201838844e+01 1.087137242440735285e+01 3.760605846449716694e+01
8.817530638059070114e+00 3.483146127697180106e+01 4.003684462569846403e+01
2.058681975589551882e+01 4.950113573917889198e+01 3.576190700416209012e+01
2.186788649742958413e+01 4.111535340064560273e+01 3.937648258846620308e+01
1.377475313737094709e+01 3.598491148409134155e+01 2.185337796626116713e+01
5.235427223581456246e+01 1.796904348459937850e+01 2.677600985434751735e+01
4.318509403210230602e+01 2.667874793489024654e+01 4.152978363343869717e+01
1.429970618204447241e+01 3.091389860987256810e+01 3.655929833459414624e+01
1.451349846967629276e+01 4.470541647704469312e+01 3.946443201566552261e+01
2.852445895602276948e+01 7.959800626202744311e+00 3.568531527348729071e+01
3.790662458571986804e+01 2.759047980798989386e+01 2.136824581784316734e+01
9.148916203071127740e+00 3.216686273840044663e+01 3.664255617622538352e+01
5.242190675584189563e+01 1.863274186163194912e+01 3.574533570760418399e+01
2.461787320994935513e+01 9.062478543601214298e+00 4.106376731004087333e+01
1.811172762160047967e+01 4.587502932830140878e+01 1.981999415429601896e+01
4.079281850016676714e+01 3.457674680541234125e+01 2.884483449230897278e+01
1.794462887196278444e+01 3.087707130276393030e+01 3.373447518506827691e+01
4.360688479674558948e+01 1.992047774578170660e+01 2.127483632951197379e+01
4.345237446122197156e+01 1.511267776130008578e+01 4.002394150357169877e+01
4.930718395118325503e+01 1.292882961312121282e+01 3.313603911952093029e+01
2.348133410607453442e+01 2.129349284083887284e+01 2.169361112192336805e+01
9.861286713506746793e+00 4.242798868449227712e+01 3.699271006267669293e+01
2.335618791117065030e+01 1.057466990515156091e+01 2.712561592714636660e+01
2.400702006415184897e+01 2.572918896818988443e+01 2.215995649228847597e+01
3.240563007826753505e+01 3.310492309246257037e+01 3.938034085852746813e+01
4.789070702200064744e+01 3.176155254027077390e+01 2.561001432036075087e+01
1.773617076927366654e+01 3.886722395861798418e+01 2.243574245091386743e+01
2.811563308604108613e+01 1.064163966791212523e+01 3.428565209917169909e+01
1.673387300729658733e+01 5.156540283275092662e+01 3.303851875831202278e+01
6.448304962194418621e+00 3.759959733920316438e+01 3.272817329226612060e+01
1.056105268804972752e+01 4.543874266806859197e+01 2.840031992911774594e+01
2.382978415087833213e+01 2.769794194378148688e+01 3.998920321755619511e+01
1.259509681255848434e+01 3.356602968939912301e+01 4.044421683414856972e+01
3.208115538318414650e+01 1.509272663799242054e+01 2.673246715741804991e+01
3.841573052289972168e+01 1.652980002400486015e+01 2.247925019724054252e+01
4.280877737269351968e+01 2.645537981748493195e+01 2.132803911368142735e+01
3.562317298071550908e+01 1.805590569790502542e+01 4.202696309809434894e+01
2.604206522108501787e+01 7.222547393013574180e+00 2.561688963017665444e+01
1.212956014855744691e+01 3.761643200978011237e+01 4.103721944037909708e+01
2.486925458447869275e+01 4.252811779824158833e+01 2.568503294787418056e+01
4.806817313743771081e+01 7.138022183540210008e+00 2.540220106469592309e+01
3.056961256368770563e+01 1.495739695650535772e+01 4.157213471775818903e+01
4.320082590408010503e+01 1.434657400067257527e+01 2.733996298350855980e+01
1.066706441275999317e+01 3.668779853837340710e+01 2.197490089197776086e+01
2.455596664753540992e+01 1.150075781256147067e+01 4.208339015463907629e+01
2.866422790136580900e+01 2.606031876802092739e+01 4.240918429097249032e+01
2.525276510151760689e+01 7.527915950395184908e+00 3.661620819833377283e+01
2.369234016153575340e+01 2.394708968000842475e+01 4.086631795855058158e+01
2.958645028981922920e+01 3.278255830398050108e+01 3.963812813015763226e+01
4.424570484489935751e+01 1.176188795650224606e+01 2.728764672151937987e+01
2.328497008321411954e+01 1.542995872792726786e+01 2.791603735459625923e+01
2.867923926536221657e+01 7.495416448557415734e+00 2.467392719817873115e+01
2.157246502139760835e+01 2.332896474233735873e+01 2.463200064427040559e+01
3.252043767188341405e+01 3.507310540190051285e+01 3.813676696498257712e+01
4.385783083222494128e+01 1.415281678006928701e+01 3.445121241467541040e+01
5.030500724889776620e+01 1.585207898966430839e+01 4.099342532176378739e+01
2.552554235847048858e+01 2.002984878217080578e+01 2.049240968358465054e+01
5.443089533260006618e+01 2.667407069926365182e+01 3.335946060929289558e+01
1.495897113979508219e+01 4.728769201896338359e+01 2.369962204872712874e+01
3.952500410701063771e+01 2.309787581011390856e+01 4.226374718732244418e+01
2.242446897693152508e+01 1.589713985322649137e+01 4.057964134484745955e+01
4.338030142771619069e+01 3.408494131372827951e+01 3.509202096992090247e+01
4.600220970527090003e+01 2.351248415707067352e+01 2.137328326011013147e+01
2.315701808751819257e+01 4.917381095715653316e+01 3.100812782799892986e+01
2.207718913515010684e+01 2.753496246560415628e+01 2.468375162268977618e+01
2.970389628619467004e+01 3.749372885311422010e+01 3.321527940154732761e+01
4.568964282600445159e+01 2.438631137060734133e+01 4.165527296482132158e+01
1.132449685591696564e+01 4.738973542052978871e+01 2.889179368512160551e+01
1.819678231523194967e+01 5.199683797406493824e+01 3.814501609649067859e+01
1.067574822642085053e+01 3.114248862730531542e+01 3.547179497888919997e+01
2.909531040653992662e+01 2.888631686675059029e+01 2.132778082288497146e+01
3.996549622770388055e+01 1.451416126214971669e+01 2.608986650492182591e+01
2.600144335686091068e+01 2.787769153203211658e+01 4.113170239941197082e+01
3.959188223667441520e+01 3.045321430738884416e+01 2.311524762921888865e+01
8.875669837567564002e+00 4.170590053386872142e+01 3.016521978144452021e+01
2.201526590001517292e+01 1.561502601252840527e+01 2.461456360401147592e+01
5.038664065160092775e+01 1.784351449272845969e+01 2.221016020489794229e+01
2.924582175468396272e+01 9.205933201470003269e+00 2.780609593605449703e+01
4.135423431075219725e+01 3.373616813216744248e+01 2.679947222532894457e+01
3.843422509770643813e+01 3.535061448851471511e+01 3.298542373044255527e+01
2.551433609860445273e+01 1.030203017316603109e+01 2.863339674513059663e+01
5.219124762516167948e+01 2.006073416242903562e+01 2.540177650011583310e+01
3.121365397953113430e+01 1.301552127516389312e+01 3.658272382277554158e+01
3.090838539410484742e+01 1.699169557419960697e+01 4.199018027072160919e+01
2.969853897512850693e+01 2.991853326738603869e+01 4.109384189268580911e+01
6.888466900770293222e+00 3.578505760458517670e+01 3.741769406783925689e+01
5.143601575414967897e+01 2.061550536444321580e+01 3.910491181254572268e+01
5.254448722334803534e+01 2.375181597475416595e+01 3.700803335305995034e+01
4.896133347958529924e+01 3.002444226754269607e+01 3.839503084212878292e+01
2.095996952623319132e+01 4.914628975202669636e+01 2.721106220697281941e+01
3.997838332971441844e+01 2.670040958993494584e+01 4.172502265001502764e+01
2.220829620182695407e+01 1.220790598140976968e+01 2.496342606288732924e+01
4.419980335406306438e+01 1.123247758183816813e+01 3.591512241640440095e+01
4.944425842995990905e+01 7.952486435997570879e+00 3.467033938876934229e+01
4.725976971590047526e+01 1.257624143392090232e+01 3.318975901184764155e+01
4.210711450622377328e+01 2.452882263884177405e+01 2.102358105603580896e+01
2.088253127808266640e+01 2.515691496871954058e+01 2.579635856177283060e+01
2.334422433330303548e+01 1.995372349826516256e+01 4.135720905520649637e+01
1.940060275631957865e+01 5.129189516542604821e+01 3.272386594671541360e+01
2.394364233036495904e+01 4.642299601166828182e+01 2.823283253399222303e+01
3.222782682785931030e+01 1.449881914406779693e+01 2.950798039829191666e+01
1.662040598042066009e+01 5.215999538507866617e+01 2.514822869341032785e+01
7.059803890818159289e+00 3.432209828255253115e+01 2.818588831832795449e+01
3.647804534743607263e+01 3.160896167099300769e+01 3.936842728989789464e+01
3.143348096969150163e+01 3.287628254085334589e+01 2.327468648299914022e+01
1.974400173563506655e+01 5.109620254909697934e+01 2.819536746955049722e+01
1.668558789748197668e+01 3.275399435916389734e+01 3.839342132753142778e+01
1.034328101971831693e+01 3.340096616832315135e+01 4.004324817025294436e+01
2.412207786647678631e+01 1.728253099868411269e+01 4.228603567526199924e+01
3.675376143586908739e+01 2.679937571797293572e+01 4.191504827311560888e+01
4.906066265127536496e+01 2.388670603965982409e+01 2.232351124820092991e+01
1.563097425054892753e+01 3.873286170491189040e+01 2.215320757272964869e+01
2.244088831341889545e+01 1.589564674230272345e+01 3.639713970184917002e+01
3.596037251010011460e+01 3.213538740112754510e+01 2.373122197787631293e+01
3.150729937413050052e+01 1.324418025662491516e+01 2.325354724630022218e+01
1.067342936372616435e+01 3.343847727540724435e+01 2.306568674971545008e+01
1.948970470436569258e+01 2.403469647877289006e+01 2.940556064642175471e+01
2.683715439774716316e+01 1.253193356660752755e+01 2.042386400866081075e+01
1.431274264312289546e+01 4.992832787498954872e+01 3.653523918211582355e+01
