3.969921962564361451e+01 1.421810311950205552e+01 3.687658830923172815e+01
1.054626901283890561e+01 4.504555268981531668e+01 2.722365768727091506e+01
4.901328801952797676e+01 1.536443400215114785e+01 3.046480802960039824e+01
5.017322724892052577e+01 2.888077635876656402e+01 2.450223206384395525e+01
5.087928982452874749e+01 2.344511405513550173e+01 3.932859568216700552e+01
1.915634389160113216e+01 4.975521497878457922e+01 1.973651002344222150e+01
2.739300465121245765e+01 3.933932667167104569e+01 3.113959236943431819e+01
5.153054478190246357e+01 8.678018932307836053e+00 3.813306621652095174e+01
1.917190948471204592e+01 3.577753377250434141e+01 2.354659106062509011e+01
2.834782067269440020e+01 3.665684078276887448e+01 3.612901713873455378e+01
2.200569669569947351e+01 1.557862938841386224e+01 2.410057027388175044e+01
2.467264006543060617e+01 3.396792598519446216e+01 3.699548047752474389e+01
2.126147508212259041e+01 5.049790884245373945e+01 3.249465099191468198e+01
1.078777186209734751e+01 4.653328754273404400e+01 3.135987596626699769e+01
2.187586630511556862e+01 3.590858563008519155e+01 3.819974430976009216e+01
9.695185581408422237e+00 4.322216585198007266e+01 3.374836515558926209e+01
2.083584992885010934e+01 2.114382714661681462e+01 3.436802739264692264e+01
4.174959964211117125e+01 2.353719946629483672e+01 2.098087245681958990e+01
2.241398254487289421e+01 4.964898220525518013e+01 3.241191568950876700e+01
4.803656949878627103e+01 8.813796646313434735e+00 2.909832046551709439e+01
4.203920634614071616e+01 1.618599817455034540e+01 2.291300453759675193e+01
2.024687493355718004e+01 2.364533279495059404e+01 3.574533436501116768e+01
4.854133905866728327e+01 7.091215973926445315e+00 2.625341377806061516e+01
1.634535157432505059e+01 5.415390331119925094e+01 2.658740606745100621e+01
2.048110246549584801e+01 2.997381064309291432e+01 3.544219176035981178e+01
1.638561624355900648e+01 3.557479154136021293e+01 2.256690609220029842e+01
2.194724433875190783e+01 3.032193120576745216e+01 3.669210496413965217e+01
1.048403490085098255e+01 4.572153236649755570e+01 3.085042929521180710e+01
2.443532818828989761e+01 1.987906619400281016e+01 2.083834345153023548e+01
2.258832283569118715e+01 1.081926776256479883e+01 3.709979459939228263e+01
2.186106941099910017e+01 4.676268213281190356e+01 2.325131811728657283e+01
4.498134875089450446e+01 8.907978729750118063e+00 3.862601439473584719e+01
3.529862020380762289e+01 3.161138200481840599e+01 2.324653048780596620e+01
4.258948425338731170e+01 1.584374488448482232e+01 2.305373000689525753e+01
2.395839278686834461e+01 2.841342160655837290e+01 2.312646245794420352e+01
4.832554581105202374e+01 3.112064026037448983e+01 3.769820403962759769e+01
2.627612469357696412e+01 7.862764371613733871e+00 2.743549609218579377e+01
2.713225548869470316e+01 1.861182301937661521e+01 2.021656272501305907e+01
1.932104939910171382e+01 5.133403099676045400e+01 3.384038040056463359e+01
3.355598437702026615e+01 2.212010900048364093e+01 4.274271566042745008e+01
1.412070503709833424e+01 3.670184613775222715e+01 4.120021734307258043e+01
7.872185266123711500e+00 3.539513913397276923e+01 3.934311477110942690e+01
9.502104689492512080e+00 3.517962690487092203e+01 4.056062568715563543e+01
3.169616025181970187e+01 2.882229068193523602e+01 4.155505261446015908e+01
5.178503692452513718e+01 9.745989953790608951e+00 3.878426100358539941e+01
4.582074939651793954e+01 1.885511746397304833e+01 4.155569063837487676e+01
4.028617947586685943e+01 1.281543731757189697e+01 3.254316194223393666e+01
1.715316852182570884e+01 3.063486896455508912e+01 3.096045133660759419e+01
3.401954996107012619e+01 1.385256238643590798e+01 3.429373100956350839e+01
2.848920854490249255e+01 8.940093705027319260e+00 2.216688492457844006e+01
4.820144723297539713e+01 1.072583107674799763e+01 2.971500878078639474e+01
3.713761947806521135e+01 1.343612056451568293e+01 2.738004914231420273e+01
5.067819328494902464e+01 2.122954247405046857e+01 2.308506155755314637e+01
4.842861017322400841e+01 2.984717704764122104e+01 2.393844519660529002e+01
4.689200753651932274e+01 7.058609863540985074e+00 3.701646863066377335e+01
4.405868022152510832e+01 1.143490833673318186e+01 3.868901018712450224e+01
2.241187536544027026e+01 3.207265624300927698e+01 2.635574530108712210e+01
5.229373843395678279e+01 1.632883888975814912e+01 2.526879162378762445e+01
4.617348775875705513e+01 2.991529574396738411e+01 3.963789434079064478e+01
3.721231208971070714e+01 2.201252103434886109e+01 4.242834501870978414e+01
2.681779091971136708e+01 9.366894581335126091e+00 3.440784906131624155e+01
2.440964986448057772e+01 8.458154446117319480e+00 2.321469151766532590e+01
3.810472364944232027e+01 3.150015193653516121e+01 2.375390808796026576e+01
4.783287537583019144e+01 1.484785289846985279e+01 2.149090618781994166e+01
2.020618101423989899e+01 2.252118828667491357e+01 2.845221467072351729e+01
4.275474440798474518e+01 1.447593355891899236e+01 2.589575569430417445e+01
1.079817648196263136e+01 4.650861493041914230e+01 3.228937103896362970e+01
5.230726262276477456e+01 1.261406400451904553e+01 2.719347574146682689e+01
3.193356753806383352e+01 1.443095925640871080e+01 2.542267682898729220e+01
1.627956788664409871e+01 4.563641961860602692e+01 2.275699258746318421e+01
1.450091045664392198e+01 4.352647773270270903e+01 3.968490188190996548e+01
8.698575855958766923e+00 3.479992109832897995e+01 3.991557815369338869e+01
1.384814309153840384e+01 3.517547096101955617e+01 2.208760731357953588e+01
4.741846823612940653e+01 2.300014326856041080e+01 2.170364064993537667e+01
2.536152924943789699e+01 2.681218614049948812e+01 2.166566384818798241e+01
2.293645974250705777e+01 3.757434158429252591e+01 2.464757986577220805e+01
5.070662317353680493e+01 8.513450337469109286e+00 2.421190936647240477e+01
5.377023174905204428e+01 2.699532953552539638e+01 3.441512900843353151e+01
4.263413780579121948e+01 2.806748452824305673e+01 2.186304667516242262e+01
4.437696262546378989e+01 3.322725758811264285e+01 2.615435065364055944e+01
3.561516619708004328e+01 3.636130279287274192e+01 3.413145025728344706e+01
1.946069247146739301e+01 4.059841648857671714e+01 4.001768015289883351e+01
2.000504041214861317e+01 4.403709342889546008e+01 4.160817762116928265e+01
2.840409491967179179e+01 1.288749686621798318e+01 2.868180443091733522e+01
1.683099061037294675e+01 4.211128434361091166e+01 3.999971761216913535e+01
5.244767400790984624e+01 1.295954827956994926e+01 2.514249129657109805e+01
2.237549939601910864e+01 4.903902580010425538e+01 3.350580132802650724e+01
4.651840296867895574e+01 1.993274455792439781e+01 2.146653099999213765e+01
2.853102487724342140e+01 2.609813216802522717e+01 2.057203344678180912e+01
2.343908085822142340e+01 1.158515473040089638e+01 4.129365633686447978e+01
4.702951280740675344e+01 1.035017637220696862e+01 4.086292667882894847e+01
2.577299140652944587e+01 7.363718864224350291e+00 2.463044528803770916e+01
2.970432488943150418e+01 2.775781990357852536e+01 4.202209505721346972e+01
1.688569256957290321e+01 5.320018487803442753e+01 3.818250349633611052e+01
1.537669227148905549e+01 4.169030329257864054e+01 2.276721216720324392e+01
2.588583405112253644e+01 1.863033319607693983e+01 2.028878015013449598e+01
2.195510225996520148e+01 2.354472504285521239e+01 3.904782908154469823e+01
2.828535791513527187e+01 7.834109438929099056e+00 2.327785799038850456e+01
1.075505682469953328e+01 4.608620701624136018e+01 3.395911042372124911e+01
3.133988417220290046e+01 1.147199512506471919e+01 2.587144349552273681e+01
4.035359451561205901e+01 3.144841693413014738e+01 2.398696871809036324e+01
1.757296505453798829e+01 3.067197977459647262e+01 2.994789955656152003e+01
4.974810365682744617e+01 1.834401202531053698e+01 4.103458443058926264e+01
1.793382257154404513e+01 4.466603225169630775e+01 4.142139365231450654e+01
1.525015581688913180e+01 3.077855003345835883e+01 3.528944357692883926e+01
2.497023462196656496e+01 2.326156854166097787e+01 4.174386702256312986e+01
5.005178305022325702e+01 1.679773947555660740e+01 3.087321938342085303e+01
2.038677933156950317e+01 2.328293449788849401e+01 2.719975790632550527e+01
2.203496555079069452e+01 4.656527174615494857e+01 3.730781811466881948e+01
5.307806174833468305e+01 2.075364969528558134e+01 3.106789250931582558e+01
2.404061413470100206e+01 4.557788754465290992e+01 3.554733385617532093e+01
2.636364469985392489e+01 1.411067252242667358e+01 4.278359218420495580e+01
1.261485561329498317e+01 3.114280415487451847e+01 2.595409362938103470e+01
2.038888350862169929e+01 4.998340782279775141e+01 3.535549264628041755e+01
4.793272086200938986e+01 1.207117776335975456e+01 2.987726877151581917e+01
5.237265136916686004e+01 1.143305630160380559e+01 2.567847485164743659e+01
5.248500258156186504e+01 2.179937328782589745e+01 2.607855056716273623e+01
1.117027856989806267e+01 4.474136603490529751e+01 2.497611489081906910e+01
9.614440986881300333e+00 3.165610038345391430e+01 3.526854271514596917e+01
4.292203295248261696e+01 1.927935446922889184e+01 4.171941505303960440e+01
6.326906109751349483e+00 3.694050285744396689e+01 3.126250984166560443e+01
4.803139713461956717e+01 1.507596228942431793e+01 3.051495837504398168e+01
2.760197822046986005e+01 1.413438773112682512e+01 2.030547064524030887e+01
2.986041469214813660e+01 1.037995447800318516e+01 2.214966628392697245e+01
1.040590224169810263e+01 3.504720958537988906e+01 2.216152959356701757e+01
3.804660895070684745e+01 3.552108306484094413e+01 2.976349848669073594e+01
1.240832000780407895e+01 4.979550449201436635e+01 3.162122185664915364e+01
2.292745123198827173e+01 1.107877321139268112e+01 2.253247272930292056e+01
6.343248590540319753e+00 3.708294313100766715e+01 3.077731021366576769e+01
5.150704449195207246e+01 3.120676222986058335e+01 3.013430294674896359e+01
1.647834989779945403e+01 5.014497241347234535e+01 2.547902952864338744e+01
1.893287928115193353e+01 2.667644372169408129e+01 3.038125503636934255e+01
1.202284222926425983e+01 4.522007237892690057e+01 3.861183647396071450e+01
4.771378290255620414e+01 9.803202480289419540e+00 2.941495289612421971e+01
4.904583599816333361e+01 3.240064886820566414e+01 3.534367452151092692e+01
1.406779265557713998e+01 3.467577330867914043e+01 4.074451212611775475e+01
3.168403151305442123e+01 2.071054896929608802e+01 4.269882846157280198e+01
3.275538369732174004e+01 1.503799885663624636e+01 3.701030766437233410e+01
2.420800627365933622e+01 1.749104349710783168e+01 2.067989692797124235e+01
2.459280262610539225e+01 1.968705583385388280e+01 4.222062991188603576e+01
3.562280271341458615e+01 1.627531899105925461e+01 4.059022439237786983e+01
4.445359403797593245e+01 9.463343171857983904e+00 2.665871264603025992e+01
5.245182978964246701e+01 1.878431548467062839e+01 3.529549667742016084e+01
1.230287944196159700e+01 4.048676824422407350e+01 4.020327596010057647e+01
3.853775249148786486e+01 3.535892961930880318e+01 2.994754123852124650e+01
7.300948246440845502e+00 3.566028344778450787e+01 3.850187983414453896e+01
2.893994157733456163e+01 3.085321397353665418e+01 2.226946424131606150e+01
1.764068648717654497e+01 3.059321914515459540e+01 3.277723556272478334e+01
2.633233554130739407e+01 8.346957252944219974e+00 3.494418667466241146e+01
1.209899812373379113e+01 3.061465841628203322e+01 2.916527605934699707e+01
5.047736847194290277e+01 2.374950853957275498e+01 2.327291554723340994e+01
3.030853847421165170e+01 1.689448722875172848e+01 4.213355449040926004e+01
4.851871208295248294e+01 1.422463772680825222e+01 3.280119176907159328e+01
4.242341928206264612e+01 1.847480111444145834e+01 2.150139441433093523e+01
4.415504196982446672e+01 2.010333998383429233e+01 4.173275417671737841e+01
1.626948043498098428e+01 5.237477841340235329e+01 2.542957652997157680e+01
3.725976330926740587e+01 1.631380776677835698e+01 2.271606946922102210e+01
1.024072672760198799e+01 3.483599696216126063e+01 4.079692040025295086e+01
5.078472031429634370e+01 2.938569204028991422e+01 3.721916081109158370e+01
2.980191385784345925e+01 1.488850725499819916e+01 3.216140835074472903e+01
3.284278237348122786e+01 2.824132115139300936e+01 4.174720959975400092e+01
3.103770791344021873e+01 1.408676180490765972e+01 2.212471992847152436e+01
3.276767488485842250e+01 3.735139492824850294e+01 3.047577647905783493e+01
5.397151823773896240e+01 2.683055179855047356e+01 2.887566607318462530e+01
4.460427351624436909e+01 8.717097737021335391e+00 3.705122504931727434e+01
9.360328507813751031e+00 4.024479029399999774e+01 3.859839958342647748e+01
4.827524036902557469e+01 2.566272856795965396e+01 4.087509102522943749e+01
4.921022288771155218e+01 2.505412373204842780e+01 4.051123903368583257e+01
5.094060535820822366e+01 3.139095773023758085e+01 3.417533958406245631e+01
1.156507579489897353e+01 3.310361247128810191e+01 4.015471865881141156e+01
2.108835594063742391e+01 3.678797793280065775e+01 3.916240807387320189e+01
3.183874623796735293e+01 2.213918774230019082e+01 4.278028978978954910e+01
2.228750119859708079e+01 2.531099520692096405e+01 3.921354541501616353e+01
3.974075383835868536e+01 1.548331637226120527e+01 2.445373687717799172e+01
4.583738330734963995e+01 7.819608228257451721e+00 2.686051211102346770e+01
1.098866524975570869e+01 4.637394509953862354e+01 3.478424374157331300e+01
3.066394930330107016e+01 1.019431484382885600e+01 2.313028934382790425e+01
4.644969470060766525e+01 3.160219306484990298e+01 3.794485617116668408e+01
1.240302927964541446e+01 4.570006875796639889e+01 2.426597523930929512e+01
9.537728641130270191e+00 3.870598117989987941e+01 2.285818397721188688e+01
2.210122376084853002e+01 1.469618725234669299e+01 3.989731876258166210e+01
2.133813403829249822e+01 2.929345847599677910e+01 3.645011394396587434e+01
2.452357357713289332e+01 3.275877511918160678e+01 3.745536139719467883e+01
2.478712171651586971e+01 1.384055117379420530e+01 2.051154339305908536e+01
2.269774495790875335e+01 1.353134020228769963e+01 3.609056686344435150e+01
2.244417784496711832e+01 2.176481966445202332e+01 2.305288540145091858e+01
1.614530778594271965e+01 3.226405663749739716e+01 3.802235237396240564e+01
4.530717092324383799e+01 3.394804019259852623e+01 2.779776103554376121e+01
3.442272975779822985e+01 1.488737904686304248e+01 3.727605034063026324e+01
2.615546953632225069e+01 2.219271716497560121e+01 2.059156126255405184e+01
2.445465196780169492e+01 4.439193016077067711e+01 3.629734459770296695e+01
9.055393469198735446e+00 3.987687005855838862e+01 3.859265176697113020e+01
3.559476747721414114e+01 3.113770599278401363e+01 2.298405306446955265e+01
4.536338709344487086e+01 2.703687406399387783e+01 2.168524428834763285e+01
2.926719147704217505e+01 3.749698221396485565e+01 3.344415253729180648e+01
9.693983241160172071e+00 3.880498308069680746e+01 2.281295045609622107e+01
3.061980481944117116e+01 9.640058605696426142e+00 3.632339471596450409e+01
2.247182215250374426e+01 1.780044661505675663e+01 2.256888386264613189e+01
4.442451674408687268e+01 9.089340433774488304e+00 3.718538628016852954e+01
4.910187904429641037e+01 1.734646224706360584e+01 4.139825166309346827e+01
2.073235232615796875e+01 2.413382422401800653e+01 3.698590057569485623e+01
3.526155013425526619e+01 1.562295826151604672e+01 3.924862908914334980e+01
3.321647405617652282e+01 1.577631123378680833e+01 2.385330164367608319e+01
2.210701901370467581e+01 4.571198388732028661e+01 3.906979026047694248e+01
4.670192724084757430e+01 2.965388747569877026e+01 2.314945430272892324e+01
1.362930841139166738e+01 4.629076558039272271e+01 3.891876726911723949e+01
2.316942949681029162e+01 4.291639886118681346e+01 2.452266706861185597e+01
2.770831265233379526e+01 2.582503871016670871e+01 2.070895061086500988e+01
4.588682008810177848e+01 2.974715232000799858e+01 2.302389863185870311e+01
4.490405459784953024e+01 1.336380230358191490e+01 4.046392531804824699e+01
5.238441673074095917e+01 1.358555613866990264e+01 3.819341901456970589e+01
2.554568687471026323e+01 4.346566987617270428e+01 2.714470306553529610e+01
3.801342867950244653e+01 1.258838390602610957e+01 2.996654813594409461e+01
1.592771093872529242e+01 4.512740668226413021e+01 2.321503583420622974e+01
1.198950190510932678e+01 3.116347945290036847e+01 3.765145325027955892e+01
2.745937323243058614e+01 4.050774475626404580e+01 3.040177487662024092e+01
4.275409906052852449e+01 2.285600157585208692e+01 4.196460870793450937e+01
2.567773311619949794e+01 1.397518322567959537e+01 3.386509815043936555e+01
2.343959261801337135e+01 4.758454290438670853e+01 3.392453484901286487e+01
3.874314749865056484e+01 1.598579334268121954e+01 4.018000168642611669e+01
2.390225363591547847e+01 4.523437529619712905e+01 3.613088051574482762e+01
4.379696463542847340e+01 1.187100082154835867e+01 2.512051561079055517e+01
3.224596647190134036e+01 3.547324933262390090e+01 3.782334416360453844e+01
4.164367461260265912e+01 2.227122294335565300e+01 2.102774652456703564e+01
2.329536297667188549e+01 1.208607416282111302e+01 2.175952969524932712e+01
3.205300193596671221e+01 3.481628641185491091e+01 3.840632979721634399e+01
2.219658695704816154e+01 1.961125215820516487e+01 2.355902211268169566e+01
3.734393920973685255e+01 3.117123445382992486e+01 2.332450121274170840e+01
5.028520464546242863e+01 1.728470686568064707e+01 2.204832095977683792e+01
2.337309193525744533e+01 2.748243690307050713e+01 2.318079689244815356e+01
2.310648592925706879e+01 3.042257382463618853e+01 2.523581068657968984e+01
1.707620556973760628e+01 3.235000748497893852e+01 3.761062564424280907e+01
6.459832821900231892e+00 3.764952815455183099e+01 3.089720592129339849e+01
9.174506388196888906e+00 3.903188901960085389e+01 2.334139659068339512e+01
1.191238926891750438e+01 4.373475227985567670e+01 3.897931403518535376e+01
1.700311863920750355e+01 3.526435348918666790e+01 4.024086320683920093e+01
2.545041092819649009e+01 7.701701482556749134e+00 3.985180083049496602e+01
1.781148234647728756e+01 4.373030146510441085e+01 3.994125599134015658e+01
4.463127223015626299e+01 2.975963524959992057e+01 3.992908092877010517e+01
4.800942718752445870e+01 3.259555957734411180e+01 3.595654829221169280e+01
4.479469904568157546e+01 1.252876078531077830e+01 2.290237888214286599e+01
1.992852202762606595e+01 3.559784336442618269e+01 2.405748866953263843e+01
9.070848586807171543e+00 3.931514050380277325e+01 3.915699402938979290e+01
1.282476086549128347e+01 3.759773501055978073e+01 2.188668606423835783e+01
3.033653417938834096e+01 1.603844965724404759e+01 2.121659831825549603e+01
3.643069373767156804e+01 3.614766047675108496e+01 2.930488122416436880e+01
1.605853250982222491e+01 4.216052740246390584e+01 2.289139005488543432e+01
1.429588275583196832e+01 3.662958191629059002e+01 4.117045324632545800e+01
1.046840874723749160e+01 4.501586142596246987e+01 3.490202795955068638e+01
2.294336951086942378e+01 1.476298055155968925e+01 4.139768621819833783e+01
1.491913417217214111e+01 3.207085840777683927e+01 3.849144612296743873e+01
4.405148151595920325e+01 1.048257239103270066e+01 2.564837779659413997e+01
6.634499804220027386e+00 3.715705387949456906e+01 3.613647471333853645e+01
3.911936187888165506e+01 3.498624141811806965e+01 3.359328463088380090e+01
2.239010838364864142e+01 1.302931342732561504e+01 4.031364477518259548e+01
2.347718585738805785e+01 2.167868835077604572e+01 4.122331329008111567e+01
2.070983823849038785e+01 5.073070929743824564e+01 3.270085650024608981e+01
4.965959755434632683e+01 3.174272348238416086e+01 3.572927749174500889e+01
5.194821077214368188e+01 1.253735913594288220e+01 3.927747288841221973e+01
3.034958881401965769e+01 2.649632536300671148e+01 2.047087252757819797e+01
1.205605639574396903e+01 3.861559468313389942e+01 4.080451263008336582e+01
2.246455164504390112e+01 3.662218991419813818e+01 3.824599423368768925e+01
4.851853527243422803e+01 8.729414783597500005e+00 4.026885342786492572e+01
1.356267838247635282e+01 4.883840038285326557e+01 3.731612063452615757e+01
3.269939165954820481e+01 3.726407772455016953e+01 3.345028491479874333e+01
1.343741739966733384e+01 4.295007855890319348e+01 3.967179468883236382e+01
2.785685191830771501e+01 3.406694138520439452e+01 2.438939518917935345e+01
2.273840088828945483e+01 1.861628468113319101e+01 3.378807738872217925e+01
9.592965523821906260e+00 3.492965008529074566e+01 4.054635767619527087e+01
4.951002211403079656e+01 1.258140401120093266e+01 2.178590594082124809e+01
4.089220907507484526e+01 2.591566450125455745e+01 4.188063666603932944e+01
2.802482558615859176e+01 7.719972894490116921e+00 2.339628099259172345e+01
2.396988625416820540e+01 2.674911311435038286e+01 2.243604308687519477e+01
3.901605915794216628e+01 1.860559803828457959e+01 4.193367020417900193e+01
7.987103232175023493e+00 3.970973180886296205e+01 2.593230780106567934e+01
4.129760680157262698e+01 2.535736870748976202e+01 4.194773807556471468e+01
8.806591984802325968e+00 4.142460561697976118e+01 3.401375602262470466e+01
2.867037644284567932e+01 2.710515293363922495e+01 2.073189185594612738e+01
2.502813305696935942e+01 3.797807716981689197e+01 2.602405087033476860e+01
6.519957496144734854e+00 3.800412012251926086e+01 3.012708934155645935e+01
5.301526087157201772e+01 2.082184963146502454e+01 2.957953552928372787e+01
2.615003255530724147e+01 3.110144955149969803e+01 3.946685487907063106e+01
3.892869837251746645e+01 1.288173061037866596e+01 3.430303675845218692e+01
1.639030722855201461e+01 3.550251591077304880e+01 2.259792477313536097e+01
4.435915615182719307e+01 2.140087142690985900e+01 2.125295103481483494e+01
5.008376250879802427e+01 2.065751548147564876e+01 4.039419038149716101e+01
3.156919689311946087e+01 2.713461224754801293e+01 2.065243105026270243e+01
1.834676382562413011e+01 4.569956127997702566e+01 1.990135788992770216e+01
3.322400487265542779e+01 3.119343295579099262e+01 2.260368630923689182e+01
4.590006707936500874e+01 1.320007230160889122e+01 2.206730474247699547e+01
2.026510580529048156e+01 3.392429197478466563e+01 3.767460680521105587e+01
8.982196138767848836e+00 3.225408707315882850e+01 3.652988577638421930e+01
2.326661707896085929e+01 1.007054931400303666e+01 4.061481508607936064e+01
3.952613044081527960e+01 2.264570809289368469e+01 2.078207411761522749e+01
2.208750572774143706e+01 1.864918101312754217e+01 3.870793157323414135e+01
4.279607903605353414e+01 1.430414051891740534e+01 2.820095355780873447e+01
3.066778417388279365e+01 2.898926012391969920e+01 2.131251112703349904e+01
8.497463059429048116e+00 4.104603065190716649e+01 3.248466804386044515e+01
4.870940506790984870e+01 2.470109239694908609e+01 2.220301605323201599e+01
2.677026644717181014e+01 2.046864284240150766e+01 4.264422697428656761e+01
5.121344807806131172e+01 1.472791716086224945e+01 2.265288218696536404e+01
4.640751647853418405e+01 1.635732736843383961e+01 2.158516338240799115e+01
4.277156978353439598e+01 2.602582957162454136e+01 2.122001423766842620e+01
1.695228283808231140e+01 5.298341127484197699e+01 3.471119255301756112e+01
3.239544143989462555e+01 2.909299502262770076e+01 4.140961645631924881e+01
3.897359949046468586e+01 1.430467794911547585e+01 3.729993180322949797e+01
3.213928562144477752e+01 1.475222680795451957e+01 3.697434115085751216e+01
2.340633723528260646e+01 1.346960503797403774e+01 3.516792098339559658e+01
2.295080122298263703e+01 9.294013877354005970e+00 3.923547891267669741e+01
5.047972896232197826e+01 1.129380920347284345e+01 3.363950935369453532e+01
5.163526728844192348e+01 1.583846968898499874e+01 3.399649196638917914e+01
4.388316890775325163e+01 1.189538311353747169e+01 3.837366122848089844e+01
3.134841380258287558e+01 1.186232257222368069e+01 3.699519206535921967e+01
1.668352181179903226e+01 3.082677451406087243e+01 2.971637073484606262e+01
2.174206319467175419e+01 1.983895034460505968e+01 3.434997643810264378e+01
2.678498923566684198e+01 4.340948655017437119e+01 2.989627838532231507e+01
1.875339872266050278e+01 4.418933277107026925e+01 4.113509807494187243e+01
4.875573315411295994e+01 3.262279614960993257e+01 3.522467170568351236e+01
5.235113519261643944e+01 1.770943694992318385e+01 2.696656725971411817e+01
2.135982787081988832e+01 4.769789606664282644e+01 4.199582611094928808e+01
5.143307512248838975e+01 2.185595018016112334e+01 3.887293425430363669e+01
2.950023641446117040e+01 1.423234186025674930e+01 2.840790477747946596e+01
5.326996306288864957e+01 2.296247502549068287e+01 3.490840151886183662e+01
2.274444748349431933e+01 4.777450586840522817e+01 2.835404135899494094e+01
1.397936672884348219e+01 5.112842295206710475e+01 3.166219427903055816e+01
1.070105959986025468e+01 4.611081586894245987e+01 2.947484999132790406e+01
3.156211494852692923e+01 3.122283334989332815e+01 2.244002912860644017e+01
3.574764601961214794e+01 3.175252622925752277e+01 2.343413695408981212e+01
2.888990304688007171e+01 1.754919822181617661e+01 4.262498198859715615e+01
1.547762844887540190e+01 4.798913163799939952e+01 2.287481040069765470e+01
1.772932265001169228e+01 5.159617989918150016e+01 2.498122127142127269e+01
5.003476982676442475e+01 1.083766359254218337e+01 3.349266864463226767e+01
2.082846933619934404e+01 2.105631627420403973e+01 3.416361266789716922e+01
1.581232429155816632e+01 4.812495328411350215e+01 4.026988699492225265e+01
2.532941685261504361e+01 4.069580001692206395e+01 2.551677434269886291e+01
3.343827794208404924e+01 2.413333450934115021e+01 4.273266000236413475e+01
5.042754127050037027e+01 2.904264374825293515e+01 2.488390476479385782e+01
4.350964433415925470e+01 1.839736506341057520e+01 4.152021531360774986e+01
1.715777079135306948e+01 5.136148564975641051e+01 3.791589748220386014e+01
2.592276421432381639e+01 1.261865252989352193e+01 2.038806309608052203e+01
1.417932229890257467e+01 5.109489340416841685e+01 2.949119115323422946e+01
3.015373295307037438e+01 1.483445216494578034e+01 3.233956357645794810e+01
2.207648783913780832e+01 1.371474442677237704e+01 3.792319659323260339e+01
2.786325093400479957e+01 2.037473508952085410e+01 4.272179920576464696e+01
3.362900426575151869e+01 3.137449222911432045e+01 4.009850615156253184e+01
3.427358869102343419e+01 3.702824682487619157e+01 3.054618166416414837e+01
4.820171312734524349e+01 1.475742670764077857e+01 3.036176257921410127e+01
1.680551146279668373e+01 3.331869777596349991e+01 2.425721420693173513e+01
1.976392311287145631e+01 2.285589573952973552e+01 3.334822375613305923e+01
5.213814415482901410e+01 1.892866300311057870e+01 3.069230759161290578e+01
2.613647481290622920e+01 1.591376612007065106e+01 2.981908092920390985e+01
3.458368917887055005e+01 1.500739431896966103e+01 2.573629025649591284e+01
2.807605858090774475e+01 1.504495454015707878e+01 3.365488956029039969e+01
4.744056176531734792e+01 2.962268474175448318e+01 2.336356709837194501e+01
7.188006539528800865e+00 3.503469511444797035e+01 3.790243913068810855e+01
1.797834068323895096e+01 5.498328614620574939e+01 3.705422416364667981e+01
3.686499097366030497e+01 1.302939939759687249e+01 2.871571112294952144e+01
4.835473061843021725e+01 3.117642334493272926e+01 2.515840386638544146e+01
4.331509756847886194e+01 1.383115229285730585e+01 2.503320376156356630e+01
2.785465796400559313e+01 7.194024125261771374e+00 2.498838581096162059e+01
2.303022151895211778e+01 3.540114913545183839e+01 2.581646883081581123e+01
2.558762554738943251e+01 4.465683380841689143e+01 2.842556489766087680e+01
1.755869935088257705e+01 4.959228125233168072e+01 3.856535323459279851e+01
2.238913957666073529e+01 2.217236583744198697e+01 3.982949732244362195e+01
6.837944501016136378e+00 3.603718501216079062e+01 3.741556072594236326e+01
2.111660707009567517e+01 2.977780459738650265e+01 2.690283914604277982e+01
1.694281661578272491e+01 4.925522886562169589e+01 2.051268433045662576e+01
1.191398736990545792e+01 3.056486547078821303e+01 3.315378331978161697e+01
1.156445913945218962e+01 4.301886832169942210e+01 3.894656072289836146e+01
1.874403677515443434e+01 3.919688303521285633e+01 4.036125484838104427e+01
4.996224304367417091e+01 8.016828174570669319e+00 2.806095853437302523e+01
2.363492755623222052e+01 8.654421114350126842e+00 2.401480172626573761e+01
8.620026201531056032e+00 4.026399487334298755e+01 2.533903525217569808e+01
2.721614446805266496e+01 2.121374397129563150e+01 2.038580525791892484e+01
2.143631880482203300e+01 1.995354791701609898e+01 3.066216187360572576e+01
4.434300738481235982e+01 1.086551956833602972e+01 3.572489568417039152e+01
5.121626196843957501e+01 1.249222392119789049e+01 2.268151452097768228e+01
4.471041278846073652e+01 3.301147123237981873e+01 2.593273009253115191e+01
2.823432168152251620e+01 2.068197836859216920e+01 4.271207781985230412e+01
2.951075001660261066e+01 1.142411357032599462e+01 2.812739645672584032e+01
2.067548873061304349e+01 2.605606498366770651e+01 2.638193593536534820e+01
4.478781188327265284e+01 1.175461126447031290e+01 3.471844523136476113e+01
3.179083366069769312e+01 3.074668660164936185e+01 2.223015629942389637e+01
2.211279617072770520e+01 1.485512558808196637e+01 2.540157834424278960e+01
3.172277541574842274e+01 3.679912046470336406e+01 3.620122861257816282e+01
4.490785293207223816e+01 1.105585971401187173e+01 2.826955491372410023e+01
2.166953860026124090e+01 2.252881834080098500e+01 3.857198430595584426e+01
4.975355384446346818e+01 9.542014798364148120e+00 4.041066539026731164e+01
2.300366853703619796e+01 2.286346767034475391e+01 2.233042834406623811e+01
2.401041900978632171e+01 4.711669197168136236e+01 2.917412575725056456e+01
4.322056704432760199e+01 1.913967745008158161e+01 4.168565043450782781e+01
4.607470777627926140e+01 2.774334729339468808e+01 2.203988827543908258e+01
2.315897857718011466e+01 3.481349595817179932e+01 2.606255530340525794e+01
5.278951774063575186e+01 2.922842600448804262e+01 2.954255463851403718e+01
4.403709534887239840e+01 1.116908252190051698e+01 3.848010503456391262e+01
2.831693255176616830e+01 3.547808055339267241e+01 2.535853589213162707e+01
9.566388374949733375e+00 4.239210925932263052e+01 2.673418988176818800e+01
1.842451425881128912e+01 2.920893159836388975e+01 3.160559759641661159e+01
5.237037922210054575e+01 2.288941598022824309e+01 2.572268934396914730e+01
4.408555752195949395e+01 2.175300552052335945e+01 2.122567253542493759e+01
3.762341979912948631e+01 2.711577216059187023e+01 2.117387459068187994e+01
9.057986571132477849e+00 3.209026209885742986e+01 3.594189638001833487e+01
1.037157244220450458e+01 3.140133521885123002e+01 2.756978654740526480e+01
2.004113921588871605e+01 4.218990339856174643e+01 2.333708851042343824e+01
1.852956339124031260e+01 5.001611777040012186e+01 2.204769903628412564e+01
3.965119387924507777e+01 2.786343887088846216e+01 4.130351633417274115e+01
3.021888937159605959e+01 3.753097904915405536e+01 2.994714154784675486e+01
5.016880544068249037e+01 1.166970946628936900e+01 4.086072770728494419e+01
4.201157873541190213e+01 2.264288306791475236e+01 4.200692837397537716e+01
1.605584836087822254e+01 3.432393309665466319e+01 4.005875860830006729e+01
4.267522768302345781e+01 1.467506819217993197e+01 3.841124832214606499e+01
2.446132242010434510e+01 3.193234209297333237e+01 2.508259614984433838e+01
1.292295798876691748e+01 3.404036905550008640e+01 2.246887117917815857e+01
4.770590164464476857e+01 2.263763958114036967e+01 2.179192453531236140e+01
1.912734749047645977e+01 5.102390297755611215e+01 2.593005726757267482e+01
6.974852905294548044e+00 3.564557435422336340e+01 2.557294077913651265e+01
2.396447494846642101e+01 1.125103805477899499e+01 2.138360084554563656e+01
4.696581849250025442e+01 1.169509358483963624e+01 4.118009868056479661e+01
8.738929573347457236e+00 3.264811251569784645e+01 3.739341155360773428e+01
1.121991524568110776e+01 3.321038868561144852e+01 2.307320651675797762e+01
1.493537053366672929e+01 5.148950747986278031e+01 3.081986643935830372e+01
1.908308205596099683e+01 4.968696529471910139e+01 4.100938733812503756e+01
2.717686971655730233e+01 1.420565184841819928e+01 3.382874541449945127e+01
4.738729047548125806e+01 7.521229276129879793e+00 3.520115720723624975e+01
1.774199976836210979e+01 3.715353268464436809e+01 4.053962497738157111e+01
1.470140070945246258e+01 3.351752853487747075e+01 2.323692301050013853e+01
4.282227198418919301e+01 2.399662630844522582e+01 2.105398935466006449e+01
2.995157959744777187e+01 3.492139367550111473e+01 3.829865349791758433e+01
3.347142385184469759e+01 1.427550525954195670e+01 2.838106966385628382e+01
1.932180808449324871e+01 2.597019048220774096e+01 3.355487872478136779e+01
3.343044927858723270e+01 1.593934574611296462e+01 2.361293292168124580e+01
2.905468443566571679e+01 3.764898689727267822e+01 3.039360638612966881e+01
3.380482188549854072e+01 1.419446278160547692e+01 2.818678212704151775e+01
8.486686486814493335e+00 3.443265622282469707e+01 2.366907844370145497e+01
4.702584178064510212e+01 8.718700195720245461e+00 4.011345744931846724e+01
5.074015451117563202e+01 2.704298782055831296e+01 3.891677957416018785e+01
5.037943041531067223e+01 1.739685979406646155e+01 4.084103095292751107e+01
2.446071757424835624e+01 1.264858655536253096e+01 3.443485535663347008e+01
3.242763158242053123e+01 1.505811257345306053e+01 2.717962199520819411e+01
5.232233070183347223e+01 1.022330315805787748e+01 3.717602787304051759e+01
5.208624566181202908e+01 1.515718120870931607e+01 3.508014421694055329e+01
4.456113918454438760e+01 3.417393147868787651e+01 2.813523186865994319e+01
5.046907024307623146e+01 2.680842086177936068e+01 3.924626189984454783e+01
4.877417731782992405e+01 1.075946117947647096e+01 3.328369430209839663e+01
2.173932657529443446e+01 2.663744438766689981e+01 3.813947781330995213e+01
1.439683769596426544e+01 3.788434066956521207e+01 2.194975316485768602e+01
1.557473801325195950e+01 3.946655163650273579e+01 4.075737356872657102e+01
5.226152782339577385e+01 1.925871235421463723e+01 2.576480663768214896e+01
2.206088502094002735e+01 4.833844930306616305e+01 2.811730182016769675e+01
3.042463257830862489e+01 3.755363548634374382e+01 3.081460913193954099e+01
1.932007663786539808e+01 5.260078186315450210e+01 3.678053789620431502e+01
4.541529416254770268e+01 1.279763706391942613e+01 2.911835963201895083e+01
4.938294970566385444e+01 1.097653126784174837e+01 2.204535520177929442e+01
2.893429601537605578e+01 9.293382050673796968e+00 4.116838532420477748e+01
1.739170935369714499e+01 3.275289949988741967e+01 2.523874106678877993e+01
3.609881291031977213e+01 1.274901769371047600e+01 3.163852683749005124e+01
4.089308261207750661e+01 1.516734111469788537e+01 2.530126044518349104e+01
4.719456562062227789e+01 7.173990755253224272e+00 2.611293624048674999e+01
5.123458065842338982e+01 1.136167165769238885e+01 2.879343675058919416e+01
2.501370249956547553e+01 4.048729469997661568e+01 3.784207138230775058e+01
2.913460997805391628e+01 1.291208950323036575e+01 2.840184483286758876e+01
1.060150430326195092e+01 4.527042489532284009e+01 2.753685095284278361e+01
4.983576536316335392e+01 2.985761628875777518e+01 2.499463355511091933e+01
4.863444167680433594e+01 1.185049796367684571e+01 4.130829196181978347e+01
2.576827940581808463e+01 1.946895457055797607e+01 2.038617736002512260e+01
7.826351873834646256e+00 3.999533544411457342e+01 2.810311312608216383e+01
4.738574841613466049e+01 3.366318801650808012e+01 3.432481565013127067e+01
2.321545194800385659e+01 1.690817187221972873e+01 2.803900909735910219e+01
3.275244538966298791e+01 1.407343992794508836e+01 3.222901425537227738e+01
3.159059455332388922e+01 1.603290075857149688e+01 2.198832368297259521e+01
3.526941599699133434e+01 3.627457141173756838e+01 2.749108414711722048e+01
5.095717400481360215e+01 2.498982222126482355e+01 2.376580544114370852e+01
3.167978418525301976e+01 2.155143924293417967e+01 4.275022363699618921e+01
2.900372514478425501e+01 3.015546393174254192e+01 4.094342624603361003e+01
2.408548148171800918e+01 1.748629429203196395e+01 3.041384938019771766e+01
4.215370307875058131e+01 1.887374182102183084e+01 4.170832127023174252e+01
1.284375358994170568e+01 3.701861013293471814e+01 2.181969508110396205e+01
1.722079401215307470e+01 4.468868825911732046e+01 2.286860675488534866e+01
4.576128203414018003e+01 1.065983019267779142e+01 2.279796335950313235e+01
3.628163217135298879e+01 1.345649059049683238e+01 3.551382032528979948e+01
3.648918807221066629e+01 3.331424851637677165e+01 3.823029534449287326e+01
2.380320427152202711e+01 9.600127532681284492e+00 4.089008454863914466e+01
7.478224564400045793e+00 3.962748637076295211e+01 2.930373727705110554e+01
2.605495041719143856e+01 2.711940273338187879e+01 4.144392345968340408e+01
4.687520406090440162e+01 7.076408770380004931e+00 3.692086500452109732e+01
2.980039489338774317e+01 1.511491382873406764e+01 2.927091209577267605e+01
2.018408246303704345e+01 4.940184625197840518e+01 2.283839222741551822e+01
3.175386455690524201e+01 2.156570453384554042e+01 4.275004878075394288e+01
4.358525731887280585e+01 1.363088375598870172e+01 3.576156129206636081e+01
3.880159846611909558e+01 1.546390524824933443e+01 2.436944900083438625e+01
5.324071568599456583e+01 2.703780195364866401e+01 2.759815772252176913e+01
1.681594288174608209e+01 3.067930998985284674e+01 3.136538018494502467e+01
3.311580860857682751e+01 3.347329593392005620e+01 2.383070076427780748e+01
4.182988208221135551e+01 2.216404230478883974e+01 4.199018059137372916e+01
2.803292934002088188e+01 8.155635685634152310e+00 3.516390125585554216e+01
3.280941754397255039e+01 1.523872949691715206e+01 2.517066715429614021e+01
2.551885148314818608e+01 7.441387682089300348e+00 2.599014207219714478e+01
3.970826709634341256e+01 1.292101523781416006e+01 2.942765678379919692e+01
1.993710161789631385e+01 4.113916293766669696e+01 2.308720640560885329e+01
2.218175858969552650e+01 1.656225088743050833e+01 3.992561826162688021e+01
1.744946852419728600e+01 5.458199789052163453e+01 2.549408706440933159e+01
2.647137608390431396e+01 9.768573197638710681e+00 3.429977516286378858e+01
5.339338093295370413e+01 2.158937957948663211e+01 3.148554982864085616e+01
4.909730625800754211e+01 8.764316444295950248e+00 3.394834437434745666e+01
5.185449369474229542e+01 1.292118230779532517e+01 2.349415907553543192e+01
4.737972169931828148e+01 3.139342679383167223e+01 3.783433667144436185e+01
2.439953131928480445e+01 7.845086493145827511e+00 3.900164442133606713e+01
1.144153582008265069e+01 4.788663047549957241e+01 3.033526429662071422e+01
2.237113905690888771e+01 4.211574170457296873e+01 2.398201922799530550e+01
2.575801027370477669e+01 4.372675455431129876e+01 3.518449649187789419e+01
1.658846499400213048e+01 3.409216737737310154e+01 3.973335855524804572e+01
4.165565875601932078e+01 3.295881981512827252e+01 3.713073621893202869e+01
